12
2 0 1 15 2 4 26 22 2 10 6 3 9 17
2 1 1 15 2 4 46 22 2 10 35 3 9 17
2 2 0 15 18 4 31 31 1 10 18 3 21 17
2 3 0 15 1 4 31 31 1 10 11 3 21 17
5 6 0 10 26 9 10 24 1 10 26 9 10 24 2 15 17 1 19 31 3 25 4 12 31 24 4 10 4 6 10 25
5 7 0 10 14 9 10 24 1 10 14 9 10 24 2 15 14 1 19 31 3 25 15 12 31 24 4 10 36 6 10 25
3 z 2 15 22 0 27 32 3 5 21 0 21 8 4 5 16 4 5 11
3 Z 2 15 1 0 27 32 3 5 8 0 21 8 4 5 29 4 5 11
3 x 3 15 11 7 36 29 4 10 2 25 20 8 5 5 2 24 13 6
3 X 3 15 3 7 36 29 4 10 28 25 20 8 5 5 35 24 13 6
3 c 2 15 2 13 48 21 3 5 3 24 21 10 4 5 0 21 18 8
3 C 2 15 0 13 48 21 3 5 26 24 21 10 4 5 32 21 18 8